{
 "cells": [
  {
   "cell_type": "code",
   "execution_count": 4,
   "id": "dfd55935-b6d9-4053-84a0-8b4470bb94f2",
   "metadata": {},
   "outputs": [],
   "source": [
    "import pandas as pd\n",
    "import numpy as np\n",
    "import matplotlib.pyplot as plt\n",
    "%matplotlib inline"
   ]
  },
  {
   "cell_type": "code",
   "execution_count": 5,
   "id": "7cb3f0e3-c805-45c5-9bf5-6c8dac2d04b4",
   "metadata": {},
   "outputs": [],
   "source": [
    "df=pd.read_csv('/Users/pchoudha/Documents/ML/HousingData.csv')"
   ]
  },
  {
   "cell_type": "code",
   "execution_count": 6,
   "id": "1b404044-ed75-4cf2-a88a-3fae216ef3b9",
   "metadata": {},
   "outputs": [
    {
     "data": {
      "text/html": [
       "<div>\n",
       "<style scoped>\n",
       "    .dataframe tbody tr th:only-of-type {\n",
       "        vertical-align: middle;\n",
       "    }\n",
       "\n",
       "    .dataframe tbody tr th {\n",
       "        vertical-align: top;\n",
       "    }\n",
       "\n",
       "    .dataframe thead th {\n",
       "        text-align: right;\n",
       "    }\n",
       "</style>\n",
       "<table border=\"1\" class=\"dataframe\">\n",
       "  <thead>\n",
       "    <tr style=\"text-align: right;\">\n",
       "      <th></th>\n",
       "      <th>CRIM</th>\n",
       "      <th>ZN</th>\n",
       "      <th>INDUS</th>\n",
       "      <th>CHAS</th>\n",
       "      <th>NOX</th>\n",
       "      <th>RM</th>\n",
       "      <th>AGE</th>\n",
       "      <th>DIS</th>\n",
       "      <th>RAD</th>\n",
       "      <th>TAX</th>\n",
       "      <th>PTRATIO</th>\n",
       "      <th>B</th>\n",
       "      <th>LSTAT</th>\n",
       "      <th>MEDV</th>\n",
       "    </tr>\n",
       "  </thead>\n",
       "  <tbody>\n",
       "    <tr>\n",
       "      <th>0</th>\n",
       "      <td>0.00632</td>\n",
       "      <td>18.0</td>\n",
       "      <td>2.31</td>\n",
       "      <td>0.0</td>\n",
       "      <td>0.538</td>\n",
       "      <td>6.575</td>\n",
       "      <td>65.2</td>\n",
       "      <td>4.0900</td>\n",
       "      <td>1</td>\n",
       "      <td>296</td>\n",
       "      <td>15.3</td>\n",
       "      <td>396.90</td>\n",
       "      <td>4.98</td>\n",
       "      <td>24.0</td>\n",
       "    </tr>\n",
       "    <tr>\n",
       "      <th>1</th>\n",
       "      <td>0.02731</td>\n",
       "      <td>0.0</td>\n",
       "      <td>7.07</td>\n",
       "      <td>0.0</td>\n",
       "      <td>0.469</td>\n",
       "      <td>6.421</td>\n",
       "      <td>78.9</td>\n",
       "      <td>4.9671</td>\n",
       "      <td>2</td>\n",
       "      <td>242</td>\n",
       "      <td>17.8</td>\n",
       "      <td>396.90</td>\n",
       "      <td>9.14</td>\n",
       "      <td>21.6</td>\n",
       "    </tr>\n",
       "    <tr>\n",
       "      <th>2</th>\n",
       "      <td>0.02729</td>\n",
       "      <td>0.0</td>\n",
       "      <td>7.07</td>\n",
       "      <td>0.0</td>\n",
       "      <td>0.469</td>\n",
       "      <td>7.185</td>\n",
       "      <td>61.1</td>\n",
       "      <td>4.9671</td>\n",
       "      <td>2</td>\n",
       "      <td>242</td>\n",
       "      <td>17.8</td>\n",
       "      <td>392.83</td>\n",
       "      <td>4.03</td>\n",
       "      <td>34.7</td>\n",
       "    </tr>\n",
       "    <tr>\n",
       "      <th>3</th>\n",
       "      <td>0.03237</td>\n",
       "      <td>0.0</td>\n",
       "      <td>2.18</td>\n",
       "      <td>0.0</td>\n",
       "      <td>0.458</td>\n",
       "      <td>6.998</td>\n",
       "      <td>45.8</td>\n",
       "      <td>6.0622</td>\n",
       "      <td>3</td>\n",
       "      <td>222</td>\n",
       "      <td>18.7</td>\n",
       "      <td>394.63</td>\n",
       "      <td>2.94</td>\n",
       "      <td>33.4</td>\n",
       "    </tr>\n",
       "    <tr>\n",
       "      <th>4</th>\n",
       "      <td>0.06905</td>\n",
       "      <td>0.0</td>\n",
       "      <td>2.18</td>\n",
       "      <td>0.0</td>\n",
       "      <td>0.458</td>\n",
       "      <td>7.147</td>\n",
       "      <td>54.2</td>\n",
       "      <td>6.0622</td>\n",
       "      <td>3</td>\n",
       "      <td>222</td>\n",
       "      <td>18.7</td>\n",
       "      <td>396.90</td>\n",
       "      <td>NaN</td>\n",
       "      <td>36.2</td>\n",
       "    </tr>\n",
       "    <tr>\n",
       "      <th>...</th>\n",
       "      <td>...</td>\n",
       "      <td>...</td>\n",
       "      <td>...</td>\n",
       "      <td>...</td>\n",
       "      <td>...</td>\n",
       "      <td>...</td>\n",
       "      <td>...</td>\n",
       "      <td>...</td>\n",
       "      <td>...</td>\n",
       "      <td>...</td>\n",
       "      <td>...</td>\n",
       "      <td>...</td>\n",
       "      <td>...</td>\n",
       "      <td>...</td>\n",
       "    </tr>\n",
       "    <tr>\n",
       "      <th>501</th>\n",
       "      <td>0.06263</td>\n",
       "      <td>0.0</td>\n",
       "      <td>11.93</td>\n",
       "      <td>0.0</td>\n",
       "      <td>0.573</td>\n",
       "      <td>6.593</td>\n",
       "      <td>69.1</td>\n",
       "      <td>2.4786</td>\n",
       "      <td>1</td>\n",
       "      <td>273</td>\n",
       "      <td>21.0</td>\n",
       "      <td>391.99</td>\n",
       "      <td>NaN</td>\n",
       "      <td>22.4</td>\n",
       "    </tr>\n",
       "    <tr>\n",
       "      <th>502</th>\n",
       "      <td>0.04527</td>\n",
       "      <td>0.0</td>\n",
       "      <td>11.93</td>\n",
       "      <td>0.0</td>\n",
       "      <td>0.573</td>\n",
       "      <td>6.120</td>\n",
       "      <td>76.7</td>\n",
       "      <td>2.2875</td>\n",
       "      <td>1</td>\n",
       "      <td>273</td>\n",
       "      <td>21.0</td>\n",
       "      <td>396.90</td>\n",
       "      <td>9.08</td>\n",
       "      <td>20.6</td>\n",
       "    </tr>\n",
       "    <tr>\n",
       "      <th>503</th>\n",
       "      <td>0.06076</td>\n",
       "      <td>0.0</td>\n",
       "      <td>11.93</td>\n",
       "      <td>0.0</td>\n",
       "      <td>0.573</td>\n",
       "      <td>6.976</td>\n",
       "      <td>91.0</td>\n",
       "      <td>2.1675</td>\n",
       "      <td>1</td>\n",
       "      <td>273</td>\n",
       "      <td>21.0</td>\n",
       "      <td>396.90</td>\n",
       "      <td>5.64</td>\n",
       "      <td>23.9</td>\n",
       "    </tr>\n",
       "    <tr>\n",
       "      <th>504</th>\n",
       "      <td>0.10959</td>\n",
       "      <td>0.0</td>\n",
       "      <td>11.93</td>\n",
       "      <td>0.0</td>\n",
       "      <td>0.573</td>\n",
       "      <td>6.794</td>\n",
       "      <td>89.3</td>\n",
       "      <td>2.3889</td>\n",
       "      <td>1</td>\n",
       "      <td>273</td>\n",
       "      <td>21.0</td>\n",
       "      <td>393.45</td>\n",
       "      <td>6.48</td>\n",
       "      <td>22.0</td>\n",
       "    </tr>\n",
       "    <tr>\n",
       "      <th>505</th>\n",
       "      <td>0.04741</td>\n",
       "      <td>0.0</td>\n",
       "      <td>11.93</td>\n",
       "      <td>0.0</td>\n",
       "      <td>0.573</td>\n",
       "      <td>6.030</td>\n",
       "      <td>NaN</td>\n",
       "      <td>2.5050</td>\n",
       "      <td>1</td>\n",
       "      <td>273</td>\n",
       "      <td>21.0</td>\n",
       "      <td>396.90</td>\n",
       "      <td>7.88</td>\n",
       "      <td>11.9</td>\n",
       "    </tr>\n",
       "  </tbody>\n",
       "</table>\n",
       "<p>506 rows × 14 columns</p>\n",
       "</div>"
      ],
      "text/plain": [
       "        CRIM    ZN  INDUS  CHAS    NOX     RM   AGE     DIS  RAD  TAX  \\\n",
       "0    0.00632  18.0   2.31   0.0  0.538  6.575  65.2  4.0900    1  296   \n",
       "1    0.02731   0.0   7.07   0.0  0.469  6.421  78.9  4.9671    2  242   \n",
       "2    0.02729   0.0   7.07   0.0  0.469  7.185  61.1  4.9671    2  242   \n",
       "3    0.03237   0.0   2.18   0.0  0.458  6.998  45.8  6.0622    3  222   \n",
       "4    0.06905   0.0   2.18   0.0  0.458  7.147  54.2  6.0622    3  222   \n",
       "..       ...   ...    ...   ...    ...    ...   ...     ...  ...  ...   \n",
       "501  0.06263   0.0  11.93   0.0  0.573  6.593  69.1  2.4786    1  273   \n",
       "502  0.04527   0.0  11.93   0.0  0.573  6.120  76.7  2.2875    1  273   \n",
       "503  0.06076   0.0  11.93   0.0  0.573  6.976  91.0  2.1675    1  273   \n",
       "504  0.10959   0.0  11.93   0.0  0.573  6.794  89.3  2.3889    1  273   \n",
       "505  0.04741   0.0  11.93   0.0  0.573  6.030   NaN  2.5050    1  273   \n",
       "\n",
       "     PTRATIO       B  LSTAT  MEDV  \n",
       "0       15.3  396.90   4.98  24.0  \n",
       "1       17.8  396.90   9.14  21.6  \n",
       "2       17.8  392.83   4.03  34.7  \n",
       "3       18.7  394.63   2.94  33.4  \n",
       "4       18.7  396.90    NaN  36.2  \n",
       "..       ...     ...    ...   ...  \n",
       "501     21.0  391.99    NaN  22.4  \n",
       "502     21.0  396.90   9.08  20.6  \n",
       "503     21.0  396.90   5.64  23.9  \n",
       "504     21.0  393.45   6.48  22.0  \n",
       "505     21.0  396.90   7.88  11.9  \n",
       "\n",
       "[506 rows x 14 columns]"
      ]
     },
     "execution_count": 6,
     "metadata": {},
     "output_type": "execute_result"
    }
   ],
   "source": [
    "df"
   ]
  },
  {
   "cell_type": "code",
   "execution_count": 7,
   "id": "4df53f76-4e20-481c-9192-f680d47bc2fd",
   "metadata": {},
   "outputs": [
    {
     "data": {
      "text/plain": [
       "CRIM       20\n",
       "ZN         20\n",
       "INDUS      20\n",
       "CHAS       20\n",
       "NOX         0\n",
       "RM          0\n",
       "AGE        20\n",
       "DIS         0\n",
       "RAD         0\n",
       "TAX         0\n",
       "PTRATIO     0\n",
       "B           0\n",
       "LSTAT      20\n",
       "MEDV        0\n",
       "dtype: int64"
      ]
     },
     "execution_count": 7,
     "metadata": {},
     "output_type": "execute_result"
    }
   ],
   "source": [
    "df.isnull().sum()"
   ]
  },
  {
   "cell_type": "code",
   "execution_count": 11,
   "id": "0241a651-b3ba-450d-bfe5-b7ae5753a273",
   "metadata": {},
   "outputs": [],
   "source": [
    "for col in  ['INDUS','CHAS','AGE','LSTAT','CRIM','ZN']:\n",
    "    median=df[col].median()\n",
    "    df[col].fillna(median,inplace=True)"
   ]
  },
  {
   "cell_type": "code",
   "execution_count": 12,
   "id": "7b3fff4f-ecd7-4cc4-b506-612829f1654d",
   "metadata": {},
   "outputs": [
    {
     "data": {
      "text/plain": [
       "CRIM       0\n",
       "ZN         0\n",
       "INDUS      0\n",
       "CHAS       0\n",
       "NOX        0\n",
       "RM         0\n",
       "AGE        0\n",
       "DIS        0\n",
       "RAD        0\n",
       "TAX        0\n",
       "PTRATIO    0\n",
       "B          0\n",
       "LSTAT      0\n",
       "MEDV       0\n",
       "dtype: int64"
      ]
     },
     "execution_count": 12,
     "metadata": {},
     "output_type": "execute_result"
    }
   ],
   "source": [
    "df.isnull().sum()"
   ]
  },
  {
   "cell_type": "code",
   "execution_count": 13,
   "id": "e536c9a8-d0a9-4bb8-b230-6a2cda7f7897",
   "metadata": {},
   "outputs": [
    {
     "data": {
      "text/html": [
       "<div>\n",
       "<style scoped>\n",
       "    .dataframe tbody tr th:only-of-type {\n",
       "        vertical-align: middle;\n",
       "    }\n",
       "\n",
       "    .dataframe tbody tr th {\n",
       "        vertical-align: top;\n",
       "    }\n",
       "\n",
       "    .dataframe thead th {\n",
       "        text-align: right;\n",
       "    }\n",
       "</style>\n",
       "<table border=\"1\" class=\"dataframe\">\n",
       "  <thead>\n",
       "    <tr style=\"text-align: right;\">\n",
       "      <th></th>\n",
       "      <th>CRIM</th>\n",
       "      <th>ZN</th>\n",
       "      <th>INDUS</th>\n",
       "      <th>CHAS</th>\n",
       "      <th>NOX</th>\n",
       "      <th>RM</th>\n",
       "      <th>AGE</th>\n",
       "      <th>DIS</th>\n",
       "      <th>RAD</th>\n",
       "      <th>TAX</th>\n",
       "      <th>PTRATIO</th>\n",
       "      <th>B</th>\n",
       "      <th>LSTAT</th>\n",
       "      <th>MEDV</th>\n",
       "    </tr>\n",
       "  </thead>\n",
       "  <tbody>\n",
       "    <tr>\n",
       "      <th>CRIM</th>\n",
       "      <td>1.000000</td>\n",
       "      <td>-0.185890</td>\n",
       "      <td>0.392632</td>\n",
       "      <td>-0.055585</td>\n",
       "      <td>0.410971</td>\n",
       "      <td>-0.220045</td>\n",
       "      <td>0.343427</td>\n",
       "      <td>-0.366025</td>\n",
       "      <td>0.601224</td>\n",
       "      <td>0.560469</td>\n",
       "      <td>0.277964</td>\n",
       "      <td>-0.365336</td>\n",
       "      <td>0.437417</td>\n",
       "      <td>-0.383895</td>\n",
       "    </tr>\n",
       "    <tr>\n",
       "      <th>ZN</th>\n",
       "      <td>-0.185890</td>\n",
       "      <td>1.000000</td>\n",
       "      <td>-0.513079</td>\n",
       "      <td>-0.034471</td>\n",
       "      <td>-0.502287</td>\n",
       "      <td>0.316550</td>\n",
       "      <td>-0.541719</td>\n",
       "      <td>0.638388</td>\n",
       "      <td>-0.306316</td>\n",
       "      <td>-0.308334</td>\n",
       "      <td>-0.403085</td>\n",
       "      <td>0.167431</td>\n",
       "      <td>-0.405500</td>\n",
       "      <td>0.365943</td>\n",
       "    </tr>\n",
       "    <tr>\n",
       "      <th>INDUS</th>\n",
       "      <td>0.392632</td>\n",
       "      <td>-0.513079</td>\n",
       "      <td>1.000000</td>\n",
       "      <td>0.054693</td>\n",
       "      <td>0.738387</td>\n",
       "      <td>-0.377978</td>\n",
       "      <td>0.614248</td>\n",
       "      <td>-0.698621</td>\n",
       "      <td>0.592735</td>\n",
       "      <td>0.716267</td>\n",
       "      <td>0.385366</td>\n",
       "      <td>-0.354840</td>\n",
       "      <td>0.564508</td>\n",
       "      <td>-0.476394</td>\n",
       "    </tr>\n",
       "    <tr>\n",
       "      <th>CHAS</th>\n",
       "      <td>-0.055585</td>\n",
       "      <td>-0.034471</td>\n",
       "      <td>0.054693</td>\n",
       "      <td>1.000000</td>\n",
       "      <td>0.070867</td>\n",
       "      <td>0.106797</td>\n",
       "      <td>0.074984</td>\n",
       "      <td>-0.092318</td>\n",
       "      <td>-0.003339</td>\n",
       "      <td>-0.035822</td>\n",
       "      <td>-0.109451</td>\n",
       "      <td>0.050608</td>\n",
       "      <td>-0.047279</td>\n",
       "      <td>0.183844</td>\n",
       "    </tr>\n",
       "    <tr>\n",
       "      <th>NOX</th>\n",
       "      <td>0.410971</td>\n",
       "      <td>-0.502287</td>\n",
       "      <td>0.738387</td>\n",
       "      <td>0.070867</td>\n",
       "      <td>1.000000</td>\n",
       "      <td>-0.302188</td>\n",
       "      <td>0.711864</td>\n",
       "      <td>-0.769230</td>\n",
       "      <td>0.611441</td>\n",
       "      <td>0.668023</td>\n",
       "      <td>0.188933</td>\n",
       "      <td>-0.380051</td>\n",
       "      <td>0.573040</td>\n",
       "      <td>-0.427321</td>\n",
       "    </tr>\n",
       "    <tr>\n",
       "      <th>RM</th>\n",
       "      <td>-0.220045</td>\n",
       "      <td>0.316550</td>\n",
       "      <td>-0.377978</td>\n",
       "      <td>0.106797</td>\n",
       "      <td>-0.302188</td>\n",
       "      <td>1.000000</td>\n",
       "      <td>-0.239518</td>\n",
       "      <td>0.205246</td>\n",
       "      <td>-0.209847</td>\n",
       "      <td>-0.292048</td>\n",
       "      <td>-0.355501</td>\n",
       "      <td>0.128069</td>\n",
       "      <td>-0.604323</td>\n",
       "      <td>0.695360</td>\n",
       "    </tr>\n",
       "    <tr>\n",
       "      <th>AGE</th>\n",
       "      <td>0.343427</td>\n",
       "      <td>-0.541719</td>\n",
       "      <td>0.614248</td>\n",
       "      <td>0.074984</td>\n",
       "      <td>0.711864</td>\n",
       "      <td>-0.239518</td>\n",
       "      <td>1.000000</td>\n",
       "      <td>-0.724354</td>\n",
       "      <td>0.447088</td>\n",
       "      <td>0.498408</td>\n",
       "      <td>0.261826</td>\n",
       "      <td>-0.268029</td>\n",
       "      <td>0.575022</td>\n",
       "      <td>-0.377572</td>\n",
       "    </tr>\n",
       "    <tr>\n",
       "      <th>DIS</th>\n",
       "      <td>-0.366025</td>\n",
       "      <td>0.638388</td>\n",
       "      <td>-0.698621</td>\n",
       "      <td>-0.092318</td>\n",
       "      <td>-0.769230</td>\n",
       "      <td>0.205246</td>\n",
       "      <td>-0.724354</td>\n",
       "      <td>1.000000</td>\n",
       "      <td>-0.494588</td>\n",
       "      <td>-0.534432</td>\n",
       "      <td>-0.232471</td>\n",
       "      <td>0.291512</td>\n",
       "      <td>-0.483244</td>\n",
       "      <td>0.249929</td>\n",
       "    </tr>\n",
       "    <tr>\n",
       "      <th>RAD</th>\n",
       "      <td>0.601224</td>\n",
       "      <td>-0.306316</td>\n",
       "      <td>0.592735</td>\n",
       "      <td>-0.003339</td>\n",
       "      <td>0.611441</td>\n",
       "      <td>-0.209847</td>\n",
       "      <td>0.447088</td>\n",
       "      <td>-0.494588</td>\n",
       "      <td>1.000000</td>\n",
       "      <td>0.910228</td>\n",
       "      <td>0.464741</td>\n",
       "      <td>-0.444413</td>\n",
       "      <td>0.467765</td>\n",
       "      <td>-0.381626</td>\n",
       "    </tr>\n",
       "    <tr>\n",
       "      <th>TAX</th>\n",
       "      <td>0.560469</td>\n",
       "      <td>-0.308334</td>\n",
       "      <td>0.716267</td>\n",
       "      <td>-0.035822</td>\n",
       "      <td>0.668023</td>\n",
       "      <td>-0.292048</td>\n",
       "      <td>0.498408</td>\n",
       "      <td>-0.534432</td>\n",
       "      <td>0.910228</td>\n",
       "      <td>1.000000</td>\n",
       "      <td>0.460853</td>\n",
       "      <td>-0.441808</td>\n",
       "      <td>0.524156</td>\n",
       "      <td>-0.468536</td>\n",
       "    </tr>\n",
       "    <tr>\n",
       "      <th>PTRATIO</th>\n",
       "      <td>0.277964</td>\n",
       "      <td>-0.403085</td>\n",
       "      <td>0.385366</td>\n",
       "      <td>-0.109451</td>\n",
       "      <td>0.188933</td>\n",
       "      <td>-0.355501</td>\n",
       "      <td>0.261826</td>\n",
       "      <td>-0.232471</td>\n",
       "      <td>0.464741</td>\n",
       "      <td>0.460853</td>\n",
       "      <td>1.000000</td>\n",
       "      <td>-0.177383</td>\n",
       "      <td>0.370727</td>\n",
       "      <td>-0.507787</td>\n",
       "    </tr>\n",
       "    <tr>\n",
       "      <th>B</th>\n",
       "      <td>-0.365336</td>\n",
       "      <td>0.167431</td>\n",
       "      <td>-0.354840</td>\n",
       "      <td>0.050608</td>\n",
       "      <td>-0.380051</td>\n",
       "      <td>0.128069</td>\n",
       "      <td>-0.268029</td>\n",
       "      <td>0.291512</td>\n",
       "      <td>-0.444413</td>\n",
       "      <td>-0.441808</td>\n",
       "      <td>-0.177383</td>\n",
       "      <td>1.000000</td>\n",
       "      <td>-0.370993</td>\n",
       "      <td>0.333461</td>\n",
       "    </tr>\n",
       "    <tr>\n",
       "      <th>LSTAT</th>\n",
       "      <td>0.437417</td>\n",
       "      <td>-0.405500</td>\n",
       "      <td>0.564508</td>\n",
       "      <td>-0.047279</td>\n",
       "      <td>0.573040</td>\n",
       "      <td>-0.604323</td>\n",
       "      <td>0.575022</td>\n",
       "      <td>-0.483244</td>\n",
       "      <td>0.467765</td>\n",
       "      <td>0.524156</td>\n",
       "      <td>0.370727</td>\n",
       "      <td>-0.370993</td>\n",
       "      <td>1.000000</td>\n",
       "      <td>-0.723093</td>\n",
       "    </tr>\n",
       "    <tr>\n",
       "      <th>MEDV</th>\n",
       "      <td>-0.383895</td>\n",
       "      <td>0.365943</td>\n",
       "      <td>-0.476394</td>\n",
       "      <td>0.183844</td>\n",
       "      <td>-0.427321</td>\n",
       "      <td>0.695360</td>\n",
       "      <td>-0.377572</td>\n",
       "      <td>0.249929</td>\n",
       "      <td>-0.381626</td>\n",
       "      <td>-0.468536</td>\n",
       "      <td>-0.507787</td>\n",
       "      <td>0.333461</td>\n",
       "      <td>-0.723093</td>\n",
       "      <td>1.000000</td>\n",
       "    </tr>\n",
       "  </tbody>\n",
       "</table>\n",
       "</div>"
      ],
      "text/plain": [
       "             CRIM        ZN     INDUS      CHAS       NOX        RM       AGE  \\\n",
       "CRIM     1.000000 -0.185890  0.392632 -0.055585  0.410971 -0.220045  0.343427   \n",
       "ZN      -0.185890  1.000000 -0.513079 -0.034471 -0.502287  0.316550 -0.541719   \n",
       "INDUS    0.392632 -0.513079  1.000000  0.054693  0.738387 -0.377978  0.614248   \n",
       "CHAS    -0.055585 -0.034471  0.054693  1.000000  0.070867  0.106797  0.074984   \n",
       "NOX      0.410971 -0.502287  0.738387  0.070867  1.000000 -0.302188  0.711864   \n",
       "RM      -0.220045  0.316550 -0.377978  0.106797 -0.302188  1.000000 -0.239518   \n",
       "AGE      0.343427 -0.541719  0.614248  0.074984  0.711864 -0.239518  1.000000   \n",
       "DIS     -0.366025  0.638388 -0.698621 -0.092318 -0.769230  0.205246 -0.724354   \n",
       "RAD      0.601224 -0.306316  0.592735 -0.003339  0.611441 -0.209847  0.447088   \n",
       "TAX      0.560469 -0.308334  0.716267 -0.035822  0.668023 -0.292048  0.498408   \n",
       "PTRATIO  0.277964 -0.403085  0.385366 -0.109451  0.188933 -0.355501  0.261826   \n",
       "B       -0.365336  0.167431 -0.354840  0.050608 -0.380051  0.128069 -0.268029   \n",
       "LSTAT    0.437417 -0.405500  0.564508 -0.047279  0.573040 -0.604323  0.575022   \n",
       "MEDV    -0.383895  0.365943 -0.476394  0.183844 -0.427321  0.695360 -0.377572   \n",
       "\n",
       "              DIS       RAD       TAX   PTRATIO         B     LSTAT      MEDV  \n",
       "CRIM    -0.366025  0.601224  0.560469  0.277964 -0.365336  0.437417 -0.383895  \n",
       "ZN       0.638388 -0.306316 -0.308334 -0.403085  0.167431 -0.405500  0.365943  \n",
       "INDUS   -0.698621  0.592735  0.716267  0.385366 -0.354840  0.564508 -0.476394  \n",
       "CHAS    -0.092318 -0.003339 -0.035822 -0.109451  0.050608 -0.047279  0.183844  \n",
       "NOX     -0.769230  0.611441  0.668023  0.188933 -0.380051  0.573040 -0.427321  \n",
       "RM       0.205246 -0.209847 -0.292048 -0.355501  0.128069 -0.604323  0.695360  \n",
       "AGE     -0.724354  0.447088  0.498408  0.261826 -0.268029  0.575022 -0.377572  \n",
       "DIS      1.000000 -0.494588 -0.534432 -0.232471  0.291512 -0.483244  0.249929  \n",
       "RAD     -0.494588  1.000000  0.910228  0.464741 -0.444413  0.467765 -0.381626  \n",
       "TAX     -0.534432  0.910228  1.000000  0.460853 -0.441808  0.524156 -0.468536  \n",
       "PTRATIO -0.232471  0.464741  0.460853  1.000000 -0.177383  0.370727 -0.507787  \n",
       "B        0.291512 -0.444413 -0.441808 -0.177383  1.000000 -0.370993  0.333461  \n",
       "LSTAT   -0.483244  0.467765  0.524156  0.370727 -0.370993  1.000000 -0.723093  \n",
       "MEDV     0.249929 -0.381626 -0.468536 -0.507787  0.333461 -0.723093  1.000000  "
      ]
     },
     "execution_count": 13,
     "metadata": {},
     "output_type": "execute_result"
    }
   ],
   "source": [
    "#Lets do some EDA\n",
    "\n",
    "df.corr()"
   ]
  },
  {
   "cell_type": "code",
   "execution_count": 14,
   "id": "c74c729e-5a79-4948-886b-bc65ff619335",
   "metadata": {},
   "outputs": [
    {
     "name": "stderr",
     "output_type": "stream",
     "text": [
      "/Library/Frameworks/Python.framework/Versions/3.11/lib/python3.11/site-packages/seaborn/axisgrid.py:118: UserWarning: The figure layout has changed to tight\n",
      "  self._figure.tight_layout(*args, **kwargs)\n"
     ]
    },
    {
     "data": {
      "text/plain": [
       "<seaborn.axisgrid.PairGrid at 0x11a5b2250>"
      ]
     },
     "execution_count": 14,
     "metadata": {},
     "output_type": "execute_result"
    },
    {
     "data": {
